"Dstat 0.7.3 CSV output"
"Author:","Dag Wieers <dag@wieers.com>",,,,"URL:","http://dag.wieers.com/home-made/dstat/"
"Host:","chain13-sink",,,,"User:","root"
"Cmdline:","dstat --net --time -N intf2 --bits --output /tmp/dstat.csv",,,,"Date:","11 Dec 2017 07:53:44 UTC"
"net/intf2",,"system"
"recv","send","time"
0,0,11-12 07:53:44
0,0,11-12 07:53:45
0,0,11-12 07:53:46
70,0,11-12 07:53:47
95,95,11-12 07:53:48
0,0,11-12 07:53:49
0,0,11-12 07:53:50
0,0,11-12 07:53:51
0,0,11-12 07:53:52
0,0,11-12 07:53:53
0,0,11-12 07:53:54
867473,0,11-12 07:53:55
1121460,0,11-12 07:53:56
1132141,95,11-12 07:53:57
1127537,0,11-12 07:53:58
1125660,0,11-12 07:53:59
1133043,0,11-12 07:54:00
1127639,0,11-12 07:54:01
1126707,0,11-12 07:54:02
1127069,0,11-12 07:54:03
1124600,0,11-12 07:54:04
1124212,0,11-12 07:54:05
1143632,0,11-12 07:54:06
1119959,95,11-12 07:54:07
1133933,0,11-12 07:54:08
1129000,0,11-12 07:54:09
1126233,0,11-12 07:54:10
1123466,0,11-12 07:54:11
1120872,0,11-12 07:54:12
1124244,0,11-12 07:54:13
1131726,0,11-12 07:54:14
1128032,0,11-12 07:54:15
1119699,42,11-12 07:54:16
1076190,1529,11-12 07:54:17
1121047,247,11-12 07:54:18
931211,0,11-12 07:54:19
843716,255,11-12 07:54:20
1114842,0,11-12 07:54:21
1119897,0,11-12 07:54:22
1110075,0,11-12 07:54:23
1124346,0,11-12 07:54:24
1136578,0,11-12 07:54:25
1141348,0,11-12 07:54:26
1123105,749,11-12 07:54:27
1107467,0,11-12 07:54:28
1091851,1020,11-12 07:54:29
1127633,510,11-12 07:54:30
1095640,0,11-12 07:54:31
1128300,297,11-12 07:54:32
1105268,0,11-12 07:54:33
1116620,255,11-12 07:54:34
1104150,0,11-12 07:54:35
1080665,510,11-12 07:54:36
1111997,510,11-12 07:54:37
1066654,494,11-12 07:54:38
1109891,0,11-12 07:54:39
1100763,0,11-12 07:54:40
1105223,0,11-12 07:54:41
1106448,0,11-12 07:54:42
1116168,0,11-12 07:54:43
1085015,1530,11-12 07:54:44
1051441,255,11-12 07:54:45
1020497,255,11-12 07:54:46
918686,0,11-12 07:54:47
1328376,0,11-12 07:54:48
1128215,0,11-12 07:54:49
1121915,0,11-12 07:54:50
1009484,0,11-12 07:54:51
1125330,0,11-12 07:54:52
1135612,0,11-12 07:54:53
1123652,0,11-12 07:54:54
1131176,0,11-12 07:54:55
1133477,95,11-12 07:54:56
1126612,0,11-12 07:54:57
1128921,0,11-12 07:54:58
1127939,0,11-12 07:54:59
1127401,0,11-12 07:55:00
1127776,42,11-12 07:55:01
1124514,0,11-12 07:55:02
1127524,0,11-12 07:55:03
1137994,0,11-12 07:55:04
1130563,0,11-12 07:55:05
1136381,95,11-12 07:55:06
1119558,0,11-12 07:55:07
1136406,0,11-12 07:55:08
1127538,0,11-12 07:55:09
1112549,0,11-12 07:55:10
1123331,0,11-12 07:55:11
1123563,0,11-12 07:55:12
1134576,0,11-12 07:55:13
1124985,0,11-12 07:55:14
1122461,0,11-12 07:55:15
1121914,95,11-12 07:55:16
1071106,1434,11-12 07:55:17
1105986,247,11-12 07:55:18
679282,255,11-12 07:55:19
1120814,0,11-12 07:55:20
1125367,0,11-12 07:55:21
1126668,42,11-12 07:55:22
1121382,0,11-12 07:55:23
1142260,0,11-12 07:55:24
1140678,0,11-12 07:55:25
1141550,0,11-12 07:55:26
1106630,749,11-12 07:55:27
1095376,1020,11-12 07:55:28
1108516,0,11-12 07:55:29
1125244,510,11-12 07:55:30
1136972,255,11-12 07:55:31
1111156,0,11-12 07:55:32
1108262,255,11-12 07:55:33
1113736,510,11-12 07:55:34
1105103,0,11-12 07:55:35
1089881,510,11-12 07:55:36
1061345,255,11-12 07:55:37
1122955,247,11-12 07:55:38
1108625,0,11-12 07:55:39
1108336,0,11-12 07:55:40
1106183,0,11-12 07:55:41
1111461,0,11-12 07:55:42
1113729,0,11-12 07:55:43
1077420,1530,11-12 07:55:44
1019485,255,11-12 07:55:45
879045,297,11-12 07:55:46
1317722,0,11-12 07:55:47
1121565,0,11-12 07:55:48
1125224,0,11-12 07:55:49
1118444,0,11-12 07:55:50
1023372,0,11-12 07:55:51
1126346,0,11-12 07:55:52
1127468,0,11-12 07:55:53
1132011,0,11-12 07:55:54
1127094,0,11-12 07:55:55
1121641,95,11-12 07:55:56
1122773,0,11-12 07:55:57
1117777,0,11-12 07:55:58
1127820,0,11-12 07:55:59
1124752,0,11-12 07:56:00
1122198,0,11-12 07:56:01
1128432,0,11-12 07:56:02
1125841,0,11-12 07:56:03
1134162,0,11-12 07:56:04
1131555,0,11-12 07:56:05
1129898,95,11-12 07:56:06
1139509,0,11-12 07:56:07
1128659,0,11-12 07:56:08
1129343,0,11-12 07:56:09
1120245,0,11-12 07:56:10
1129202,0,11-12 07:56:11
1126263,0,11-12 07:56:12
1129377,0,11-12 07:56:13
1120449,0,11-12 07:56:14
1120375,0,11-12 07:56:15
1078357,95,11-12 07:56:16
1118223,1434,11-12 07:56:17
1106038,247,11-12 07:56:18
675214,0,11-12 07:56:19
1125210,0,11-12 07:56:20
1121061,84,11-12 07:56:21
1113486,0,11-12 07:56:22
1132332,0,11-12 07:56:23
1139727,0,11-12 07:56:24
1134668,0,11-12 07:56:25
1128128,749,11-12 07:56:26
1100807,0,11-12 07:56:27
1081159,0,11-12 07:56:28
1127925,1020,11-12 07:56:29
1104205,0,11-12 07:56:30
1147067,765,11-12 07:56:31
1107164,255,11-12 07:56:32
1110474,0,11-12 07:56:33
1117242,510,11-12 07:56:34
1083631,0,11-12 07:56:35
1126362,510,11-12 07:56:36
1067282,247,11-12 07:56:37
1112584,0,11-12 07:56:38
1107829,0,11-12 07:56:39
1111521,0,11-12 07:56:40
1104348,0,11-12 07:56:41
1111420,0,11-12 07:56:42
1091162,1530,11-12 07:56:43
1074234,255,11-12 07:56:44
989433,255,11-12 07:56:45
925816,0,11-12 07:56:46
1324389,0,11-12 07:56:47
1130523,0,11-12 07:56:48
1099308,0,11-12 07:56:49
1042557,0,11-12 07:56:50
1097345,0,11-12 07:56:51
1121146,0,11-12 07:56:52
1125750,0,11-12 07:56:53
1127575,0,11-12 07:56:54
1128968,95,11-12 07:56:55
1128276,42,11-12 07:56:56
1130305,0,11-12 07:56:57
1129499,0,11-12 07:56:58
1144948,0,11-12 07:56:59
1128091,0,11-12 07:57:00
1126612,0,11-12 07:57:01
1128551,0,11-12 07:57:02
1134528,0,11-12 07:57:03
1136492,0,11-12 07:57:04
1143543,95,11-12 07:57:05
1114521,0,11-12 07:57:06
1142995,0,11-12 07:57:07
1132000,0,11-12 07:57:08
1127055,0,11-12 07:57:09
1117454,0,11-12 07:57:10
1123631,0,11-12 07:57:11
1133104,0,11-12 07:57:12
1126254,0,11-12 07:57:13
1128086,0,11-12 07:57:14
1122343,95,11-12 07:57:15
1072057,1434,11-12 07:57:16
1100618,0,11-12 07:57:17
693233,510,11-12 07:57:18
1125122,0,11-12 07:57:19
1119240,42,11-12 07:57:20
1117491,0,11-12 07:57:21
1124235,0,11-12 07:57:22
1137002,0,11-12 07:57:23
1141708,0,11-12 07:57:24
1139216,0,11-12 07:57:25
1110141,749,11-12 07:57:26
1095228,255,11-12 07:57:27
1107521,0,11-12 07:57:28
1130658,1020,11-12 07:57:29
1133381,510,11-12 07:57:30
1112750,42,11-12 07:57:31
1107552,255,11-12 07:57:32
1118266,510,11-12 07:57:33
1104500,0,11-12 07:57:34
1071850,510,11-12 07:57:35
1037578,255,11-12 07:57:36
1128099,247,11-12 07:57:37
1101491,0,11-12 07:57:38
1110196,0,11-12 07:57:39
1107478,0,11-12 07:57:40
1103657,0,11-12 07:57:41
1101042,0,11-12 07:57:42
1095861,1530,11-12 07:57:43
1032360,255,11-12 07:57:44
974899,255,11-12 07:57:45
1222857,0,11-12 07:57:46
1129573,0,11-12 07:57:47
1119814,0,11-12 07:57:48
1143901,0,11-12 07:57:49
1030248,0,11-12 07:57:50
1127179,0,11-12 07:57:51
1122581,0,11-12 07:57:52
1129101,0,11-12 07:57:53
1127228,0,11-12 07:57:54
1127757,95,11-12 07:57:55
1122892,0,11-12 07:57:56
1131927,0,11-12 07:57:57
1124457,0,11-12 07:57:58
1124752,0,11-12 07:57:59
1131692,0,11-12 07:58:00
1128432,0,11-12 07:58:01
1127820,0,11-12 07:58:02
1077090,0,11-12 07:58:03
1118055,0,11-12 07:58:04
1127936,95,11-12 07:58:05
1126807,42,11-12 07:58:06
1123565,0,11-12 07:58:07
1124015,0,11-12 07:58:08
1120374,0,11-12 07:58:09
1124606,42,11-12 07:58:10
1123509,0,11-12 07:58:11
1133229,0,11-12 07:58:12
1123380,0,11-12 07:58:13
1122478,0,11-12 07:58:14
1085542,95,11-12 07:58:15
1097753,1434,11-12 07:58:16
1105601,0,11-12 07:58:17
680956,0,11-12 07:58:18
1132860,0,11-12 07:58:19
1114830,0,11-12 07:58:20
1113216,0,11-12 07:58:21
1130207,0,11-12 07:58:22
1135107,0,11-12 07:58:23
1129451,0,11-12 07:58:24
1125973,844,11-12 07:58:25
1099917,0,11-12 07:58:26
1076765,1020,11-12 07:58:27
1123608,510,11-12 07:58:28
1100979,0,11-12 07:58:29
1124609,255,11-12 07:58:30
1097884,255,11-12 07:58:31
1109965,0,11-12 07:58:32
1116758,255,11-12 07:58:33
1110105,0,11-12 07:58:34
1084244,510,11-12 07:58:35
1065637,741,11-12 07:58:36
1114240,0,11-12 07:58:37
1106348,0,11-12 07:58:38
1109226,0,11-12 07:58:39
1113765,42,11-12 07:58:40
1110048,0,11-12 07:58:41
1105314,1530,11-12 07:58:42
1081204,255,11-12 07:58:43
998743,255,11-12 07:58:44
892007,0,11-12 07:58:45
1343619,0,11-12 07:58:46
1130088,0,11-12 07:58:47
1120907,0,11-12 07:58:48
1118078,0,11-12 07:58:49
1025538,0,11-12 07:58:50
1129375,0,11-12 07:58:51
1114515,0,11-12 07:58:52
1124688,0,11-12 07:58:53
1116495,95,11-12 07:58:54
1125990,0,11-12 07:58:55
1128802,0,11-12 07:58:56
1129023,0,11-12 07:58:57
1141034,0,11-12 07:58:58
1127615,0,11-12 07:58:59
1120243,0,11-12 07:59:00
1138521,0,11-12 07:59:01
1137635,0,11-12 07:59:02
1125583,0,11-12 07:59:03
1124092,95,11-12 07:59:04
1055349,0,11-12 07:59:05
1141184,0,11-12 07:59:06
1123546,0,11-12 07:59:07
1126656,0,11-12 07:59:08
1121330,42,11-12 07:59:09
1120682,0,11-12 07:59:10
1122784,0,11-12 07:59:11
1122720,0,11-12 07:59:12
1124244,0,11-12 07:59:13
1126782,95,11-12 07:59:14
1084864,1476,11-12 07:59:15
1106534,247,11-12 07:59:16
782912,0,11-12 07:59:17
1031330,255,11-12 07:59:18
1127154,0,11-12 07:59:19
1111707,0,11-12 07:59:20
1126149,0,11-12 07:59:21
1127502,0,11-12 07:59:22
1164249,0,11-12 07:59:23
1140719,0,11-12 07:59:24
1119346,749,11-12 07:59:25
1078937,510,11-12 07:59:26
1107902,0,11-12 07:59:27
1134242,1020,11-12 07:59:28
1100169,0,11-12 07:59:29
1127948,255,11-12 07:59:30
1108096,255,11-12 07:59:31
1118882,510,11-12 07:59:32
1104529,0,11-12 07:59:33
1082610,0,11-12 07:59:34
1051904,765,11-12 07:59:35
1133532,0,11-12 07:59:36
1108313,0,11-12 07:59:37
1112540,0,11-12 07:59:38
1100961,0,11-12 07:59:39
1105673,0,11-12 07:59:40
1115916,0,11-12 07:59:41
1089276,1530,11-12 07:59:42
1062502,255,11-12 07:59:43
1027692,255,11-12 07:59:44
1146229,0,11-12 07:59:45
1119840,0,11-12 07:59:46
1125510,0,11-12 07:59:47
1108678,0,11-12 07:59:48
990292,0,11-12 07:59:49
1132735,42,11-12 07:59:50
1128230,0,11-12 07:59:51
1128625,0,11-12 07:59:52
1127520,0,11-12 07:59:53
1131304,95,11-12 07:59:54
1132743,0,11-12 07:59:55
1117448,0,11-12 07:59:56
1150171,0,11-12 07:59:57
1137252,0,11-12 07:59:58
1129594,0,11-12 07:59:59
1122658,0,11-12 08:00:00
1149814,0,11-12 08:00:01
1117542,0,11-12 08:00:02
1179848,0,11-12 08:00:03
1128446,95,11-12 08:00:04
1147279,0,11-12 08:00:05
1156294,0,11-12 08:00:06
1137289,0,11-12 08:00:07
1115730,0,11-12 08:00:08
1148096,42,11-12 08:00:09
1131429,0,11-12 08:00:10
1118907,0,11-12 08:00:11
1130187,0,11-12 08:00:12
1129993,0,11-12 08:00:13
1100071,95,11-12 08:00:14
1111763,1434,11-12 08:00:15
1109975,0,11-12 08:00:16
681091,510,11-12 08:00:17
1119063,0,11-12 08:00:18
1120977,0,11-12 08:00:19
1096143,0,11-12 08:00:20
1128688,0,11-12 08:00:21
1131426,0,11-12 08:00:22
1129745,0,11-12 08:00:23
1121051,749,11-12 08:00:24
1101462,42,11-12 08:00:25
1088645,255,11-12 08:00:26
1131129,255,11-12 08:00:27
1115927,0,11-12 08:00:28
1133747,510,11-12 08:00:29
1102847,255,11-12 08:00:30
1107818,0,11-12 08:00:31
1123179,1020,11-12 08:00:32
1106787,0,11-12 08:00:33
1082803,510,11-12 08:00:34
1047380,494,11-12 08:00:35
1150589,0,11-12 08:00:36
1109592,0,11-12 08:00:37
1100293,0,11-12 08:00:38
1084923,0,11-12 08:00:39
1116337,0,11-12 08:00:40
1095418,1530,11-12 08:00:41
1083468,255,11-12 08:00:42
1002781,255,11-12 08:00:43
865259,0,11-12 08:00:44
1358098,0,11-12 08:00:45
1125003,0,11-12 08:00:46
1124370,0,11-12 08:00:47
1125523,0,11-12 08:00:48
1031307,0,11-12 08:00:49
1129613,0,11-12 08:00:50
1130616,0,11-12 08:00:51
1126191,0,11-12 08:00:52
1126557,95,11-12 08:00:53
1128309,0,11-12 08:00:54
1115945,0,11-12 08:00:55
1129499,0,11-12 08:00:56
1134070,0,11-12 08:00:57
1124728,0,11-12 08:00:58
1118621,0,11-12 08:00:59
1128831,42,11-12 08:01:00
1127665,0,11-12 08:01:01
1128476,0,11-12 08:01:02
1156659,95,11-12 08:01:03
1121522,0,11-12 08:01:04
1133878,0,11-12 08:01:05
1131919,0,11-12 08:01:06
1128159,0,11-12 08:01:07
1121600,42,11-12 08:01:08
1118472,0,11-12 08:01:09
1124742,0,11-12 08:01:10
1134909,0,11-12 08:01:11
1123512,0,11-12 08:01:12
1121137,95,11-12 08:01:13
1075700,1434,11-12 08:01:14
1115582,247,11-12 08:01:15
736458,0,11-12 08:01:16
1070708,255,11-12 08:01:17
1125111,0,11-12 08:01:18
1125541,0,11-12 08:01:19
1124879,0,11-12 08:01:20
1137756,0,11-12 08:01:21
1147949,0,11-12 08:01:22
1137650,0,11-12 08:01:23
1114446,749,11-12 08:01:24
1092566,510,11-12 08:01:25
1109729,0,11-12 08:01:26
1130113,1020,11-12 08:01:27
1131109,255,11-12 08:01:28
1118115,0,11-12 08:01:29
1105843,297,11-12 08:01:30
1127219,510,11-12 08:01:31
1106771,0,11-12 08:01:32
1088768,0,11-12 08:01:33
1046274,757,11-12 08:01:34
1132742,0,11-12 08:01:35
1106241,0,11-12 08:01:36
1108804,0,11-12 08:01:37
1108629,0,11-12 08:01:38
1101003,0,11-12 08:01:39
1115482,0,11-12 08:01:40
1070971,1530,11-12 08:01:41
1086629,255,11-12 08:01:42
994032,255,11-12 08:01:43
1170814,0,11-12 08:01:44
1125351,0,11-12 08:01:45
1110152,0,11-12 08:01:46
1178318,42,11-12 08:01:47
1053075,0,11-12 08:01:48
1129828,0,11-12 08:01:49
1147938,0,11-12 08:01:50
1136616,0,11-12 08:01:51
1124460,0,11-12 08:01:52
1116641,95,11-12 08:01:53
1132267,0,11-12 08:01:54
1126823,0,11-12 08:01:55
1117180,0,11-12 08:01:56
1132624,0,11-12 08:01:57
1125204,0,11-12 08:01:58
1118700,0,11-12 08:01:59
1134070,0,11-12 08:02:00
1133641,42,11-12 08:02:01
1125818,0,11-12 08:02:02
1141778,95,11-12 08:02:03
1167888,0,11-12 08:02:04
1118307,0,11-12 08:02:05
1150200,0,11-12 08:02:06
1109724,0,11-12 08:02:07
1146005,0,11-12 08:02:08
1126128,0,11-12 08:02:09
1131150,0,11-12 08:02:10
1128024,0,11-12 08:02:11
1098205,0,11-12 08:02:12
1073848,95,11-12 08:02:13
1125722,1434,11-12 08:02:14
1089116,247,11-12 08:02:15
683134,0,11-12 08:02:16
1141050,0,11-12 08:02:17
1113057,0,11-12 08:02:18
1138614,0,11-12 08:02:19
1144957,0,11-12 08:02:20
1141492,0,11-12 08:02:21
1139654,0,11-12 08:02:22
1124514,255,11-12 08:02:23
1107176,0,11-12 08:02:24
1089476,765,11-12 08:02:25
1112752,765,11-12 08:02:26
1103165,0,11-12 08:02:27
1153688,807,11-12 08:02:28
1101275,255,11-12 08:02:29
1130260,255,11-12 08:02:30
1114408,0,11-12 08:02:31
1074576,42,11-12 08:02:32
1129843,510,11-12 08:02:33
1066872,502,11-12 08:02:34
1133031,0,11-12 08:02:35
1100909,0,11-12 08:02:36
1096219,0,11-12 08:02:37
1087572,0,11-12 08:02:38
1089108,0,11-12 08:02:39
1076132,765,11-12 08:02:40
1080040,1020,11-12 08:02:41
991213,255,11-12 08:02:42
872457,0,11-12 08:02:43
1375998,0,11-12 08:02:44
1124687,0,11-12 08:02:45
1121404,0,11-12 08:02:46
1022231,0,11-12 08:02:47
1135600,0,11-12 08:02:48
1123125,0,11-12 08:02:49
1136509,0,11-12 08:02:50
1129435,0,11-12 08:02:51
1117495,95,11-12 08:02:52
1134603,0,11-12 08:02:53
1128921,0,11-12 08:02:54
1140483,0,11-12 08:02:55
1143696,0,11-12 08:02:56
1129356,0,11-12 08:02:57
1132505,0,11-12 08:02:58
1127524,0,11-12 08:02:59
1142863,0,11-12 08:03:00
1142461,0,11-12 08:03:01
1139154,137,11-12 08:03:02
1123840,0,11-12 08:03:03
1141642,0,11-12 08:03:04
1128024,0,11-12 08:03:05
1136119,0,11-12 08:03:06
1114778,42,11-12 08:03:07
1114730,0,11-12 08:03:08
1127299,0,11-12 08:03:09
1133985,0,11-12 08:03:10
1122878,0,11-12 08:03:11
1109646,95,11-12 08:03:12
1022356,1434,11-12 08:03:13
1091974,247,11-12 08:03:14
682018,255,11-12 08:03:15
1125053,0,11-12 08:03:16
1125702,0,11-12 08:03:17
1123080,0,11-12 08:03:18
1129707,0,11-12 08:03:19
1144033,0,11-12 08:03:20
1140198,0,11-12 08:03:21
1143204,0,11-12 08:03:22
1108252,749,11-12 08:03:23
1093873,510,11-12 08:03:24
1105558,0,11-12 08:03:25
1128202,510,11-12 08:03:26
1136972,255,11-12 08:03:27
1117120,0,11-12 08:03:28
1106926,0,11-12 08:03:29
1121370,0,11-12 08:03:30
1107871,0,11-12 08:03:31
1090309,255,11-12 08:03:32
1060170,544,11-12 08:03:33
1120857,0,11-12 08:03:34
1114642,0,11-12 08:03:35
1108282,0,11-12 08:03:36
1109287,0,11-12 08:03:37
1105454,0,11-12 08:03:38
1113486,0,11-12 08:03:39
1081656,1530,11-12 08:03:40
1021295,255,11-12 08:03:41
870621,255,11-12 08:03:42
1376665,0,11-12 08:03:43
1121129,0,11-12 08:03:44
1124276,0,11-12 08:03:45
1120897,42,11-12 08:03:46
1005737,0,11-12 08:03:47
1176845,0,11-12 08:03:48
1117283,0,11-12 08:03:49
1156176,0,11-12 08:03:50
1130046,95,11-12 08:03:51
1126918,0,11-12 08:03:52
1131733,0,11-12 08:03:53
1124708,0,11-12 08:03:54
1127939,0,11-12 08:03:55
1148606,0,11-12 08:03:56
1128210,0,11-12 08:03:57
1128432,0,11-12 08:03:58
1138369,0,11-12 08:03:59
1133494,0,11-12 08:04:00
1145682,95,11-12 08:04:01
1117351,0,11-12 08:04:02
1131654,0,11-12 08:04:03
1136237,42,11-12 08:04:04
1132497,0,11-12 08:04:05
1123196,0,11-12 08:04:06
1122645,0,11-12 08:04:07
1124514,0,11-12 08:04:08
1142657,0,11-12 08:04:09
1123108,0,11-12 08:04:10
1116796,95,11-12 08:04:11
1080428,1434,11-12 08:04:12
1144533,247,11-12 08:04:13
904724,0,11-12 08:04:14
908503,0,11-12 08:04:15
1125786,0,11-12 08:04:16
1121130,0,11-12 08:04:17
1144725,0,11-12 08:04:18
1136684,0,11-12 08:04:19
1133588,0,11-12 08:04:20
1131282,0,11-12 08:04:21
1112877,510,11-12 08:04:22
1095264,0,11-12 08:04:23
1089090,510,11-12 08:04:24
1144627,255,11-12 08:04:25
1103473,0,11-12 08:04:26
1165823,42,11-12 08:04:27
1107796,255,11-12 08:04:28
1134041,510,11-12 08:04:29
1100937,0,11-12 08:04:30
1079786,0,11-12 08:04:31
1081401,0,11-12 08:04:32
1083544,494,11-12 08:04:33
1161001,0,11-12 08:04:34
1118475,42,11-12 08:04:35
1123749,0,11-12 08:04:36
1101164,0,11-12 08:04:37
1150604,0,11-12 08:04:38
1085627,1020,11-12 08:04:39
1057182,765,11-12 08:04:40
1029562,255,11-12 08:04:41
1142877,0,11-12 08:04:42
1099349,0,11-12 08:04:43
1150748,0,11-12 08:04:44
1125330,0,11-12 08:04:45
1015757,0,11-12 08:04:46
1119177,0,11-12 08:04:47
1155923,0,11-12 08:04:48
1136854,0,11-12 08:04:49
1142262,0,11-12 08:04:50
1137053,95,11-12 08:04:51
1130764,0,11-12 08:04:52
1130900,0,11-12 08:04:53
1130469,0,11-12 08:04:54
1132743,0,11-12 08:04:55
1137585,0,11-12 08:04:56
1128551,0,11-12 08:04:57
1138698,0,11-12 08:04:58
1131902,0,11-12 08:04:59
1132616,0,11-12 08:05:00
1136155,95,11-12 08:05:01
1113829,0,11-12 08:05:02
1131991,0,11-12 08:05:03
1137559,0,11-12 08:05:04
1110993,42,11-12 08:05:05
1122698,42,11-12 08:05:06
1133607,0,11-12 08:05:07
1125030,0,11-12 08:05:08
1096893,0,11-12 08:05:09
1134830,0,11-12 08:05:10
1075032,95,11-12 08:05:11
1131965,1434,11-12 08:05:12
1113259,0,11-12 08:05:13
670985,0,11-12 08:05:14
1144126,0,11-12 08:05:15
1120149,0,11-12 08:05:16
1124142,0,11-12 08:05:17
1133618,0,11-12 08:05:18
1136594,0,11-12 08:05:19
1124696,0,11-12 08:05:20
1122554,95,11-12 08:05:21
1104497,0,11-12 08:05:22
1091532,255,11-12 08:05:23
1130752,510,11-12 08:05:24
1105879,0,11-12 08:05:25
1139711,0,11-12 08:05:26
1119178,255,11-12 08:05:27
1104870,0,11-12 08:05:28
1117482,510,11-12 08:05:29
1115631,0,11-12 08:05:30
1093521,0,11-12 08:05:31
1066958,247,11-12 08:05:32
1114354,0,11-12 08:05:33
1108089,0,11-12 08:05:34
1108051,0,11-12 08:05:35
1114435,42,11-12 08:05:36
1110121,0,11-12 08:05:37
1088780,1275,11-12 08:05:38
1101993,510,11-12 08:05:39
1001555,255,11-12 08:05:40
865126,0,11-12 08:05:41
1374311,0,11-12 08:05:42
1126813,0,11-12 08:05:43
1121572,0,11-12 08:05:44
1074824,42,11-12 08:05:45
1078377,0,11-12 08:05:46
1123508,0,11-12 08:05:47
1140110,0,11-12 08:05:48
1129078,0,11-12 08:05:49
1133715,95,11-12 08:05:50
1120005,0,11-12 08:05:51
1135409,0,11-12 08:05:52
1124514,0,11-12 08:05:53
1134308,0,11-12 08:05:54
1126231,0,11-12 08:05:55
1126255,0,11-12 08:05:56
1130173,0,11-12 08:05:57
1137818,0,11-12 08:05:58
1133321,0,11-12 08:05:59
1140687,95,11-12 08:06:00
1120144,0,11-12 08:06:01
1138295,0,11-12 08:06:02
1134986,0,11-12 08:06:03
1129831,0,11-12 08:06:04
1125239,0,11-12 08:06:05
1121030,0,11-12 08:06:06
1138321,0,11-12 08:06:07
1125048,42,11-12 08:06:08
1129986,0,11-12 08:06:09
1121692,95,11-12 08:06:10
1072851,1434,11-12 08:06:11
1109636,0,11-12 08:06:12
682434,510,11-12 08:06:13
1110793,0,11-12 08:06:14
1117062,42,11-12 08:06:15
1121442,0,11-12 08:06:16
1111806,0,11-12 08:06:17
1155054,0,11-12 08:06:18
1133383,0,11-12 08:06:19
1114756,0,11-12 08:06:20
1105518,749,11-12 08:06:21
1087249,1020,11-12 08:06:22
1156657,0,11-12 08:06:23
1135741,510,11-12 08:06:24
1143855,0,11-12 08:06:25
1112637,0,11-12 08:06:26
1115847,255,11-12 08:06:27
1117486,255,11-12 08:06:28
1143885,0,11-12 08:06:29
1089794,255,11-12 08:06:30
1057157,502,11-12 08:06:31
1133900,247,11-12 08:06:32
1113962,0,11-12 08:06:33
1106952,0,11-12 08:06:34
1106837,0,11-12 08:06:35
1100027,0,11-12 08:06:36
1107678,0,11-12 08:06:37
1110292,1530,11-12 08:06:38
1064649,255,11-12 08:06:39
823357,255,11-12 08:06:40
1368353,0,11-12 08:06:41
1128948,42,11-12 08:06:42
1130663,42,11-12 08:06:43
1121093,0,11-12 08:06:44
1013803,0,11-12 08:06:45
1118657,0,11-12 08:06:46
1157867,0,11-12 08:06:47
1108706,0,11-12 08:06:48
1167709,0,11-12 08:06:49
1135460,95,11-12 08:06:50
1133831,0,11-12 08:06:51
1122967,0,11-12 08:06:52
1127463,0,11-12 08:06:53
1137609,0,11-12 08:06:54
1137704,0,11-12 08:06:55
1107941,0,11-12 08:06:56
1133832,0,11-12 08:06:57
1136599,0,11-12 08:06:58
1148544,0,11-12 08:06:59
1118732,95,11-12 08:07:00
1116840,0,11-12 08:07:01
1180446,0,11-12 08:07:02
1121301,0,11-12 08:07:03
1127435,0,11-12 08:07:04
1126596,0,11-12 08:07:05
1182381,0,11-12 08:07:06
1174101,0,11-12 08:07:07
1143086,0,11-12 08:07:08
1120728,0,11-12 08:07:09
1073911,1529,11-12 08:07:10
1112929,247,11-12 08:07:11
867232,0,11-12 08:07:12
926039,0,11-12 08:07:13
1117773,42,11-12 08:07:14
1119534,42,11-12 08:07:15
1141584,0,11-12 08:07:16
1127277,0,11-12 08:07:17
1149801,0,11-12 08:07:18
1154250,0,11-12 08:07:19
1051311,0,11-12 08:07:20
1070069,95,11-12 08:07:21
1026758,765,11-12 08:07:22
1064071,510,11-12 08:07:23
1074566,0,11-12 08:07:24
1050987,510,11-12 08:07:25
1038601,0,11-12 08:07:26
1097011,765,11-12 08:07:27
1086980,0,11-12 08:07:28
1101295,510,11-12 08:07:29
1088526,502,11-12 08:07:30
1072638,0,11-12 08:07:31
1131595,0,11-12 08:07:32
1119616,0,11-12 08:07:33
1117033,0,11-12 08:07:34
1106504,0,11-12 08:07:35
1118329,0,11-12 08:07:36
1093361,1020,11-12 08:07:37
1058293,765,11-12 08:07:38
1013806,255,11-12 08:07:39
1072562,0,11-12 08:07:40
1149720,0,11-12 08:07:41
1106411,42,11-12 08:07:42
1149438,0,11-12 08:07:43
1009409,0,11-12 08:07:44
1126311,0,11-12 08:07:45
1153758,0,11-12 08:07:46
1124872,42,11-12 08:07:47
1113517,0,11-12 08:07:48
1128730,95,11-12 08:07:49
1124633,0,11-12 08:07:50
1130662,0,11-12 08:07:51
1115082,0,11-12 08:07:52
1118264,0,11-12 08:07:53
1119862,0,11-12 08:07:54
1121199,0,11-12 08:07:55
1140752,0,11-12 08:07:56
1109005,0,11-12 08:07:57
1155534,0,11-12 08:07:58
1139635,95,11-12 08:07:59
1131714,0,11-12 08:08:00
1135124,0,11-12 08:08:01
1127148,0,11-12 08:08:02
1121310,0,11-12 08:08:03
1112270,0,11-12 08:08:04
1126533,0,11-12 08:08:05
1133883,0,11-12 08:08:06
1137450,0,11-12 08:08:07
1135185,0,11-12 08:08:08
1096915,95,11-12 08:08:09
1160303,972,11-12 08:08:10
1103651,0,11-12 08:08:11
670328,510,11-12 08:08:12
1143516,0,11-12 08:08:13
1119480,42,11-12 08:08:14
1125258,0,11-12 08:08:15
1126413,0,11-12 08:08:16
1149793,0,11-12 08:08:17
1135406,0,11-12 08:08:18
1115213,239,11-12 08:08:19
1113730,42,11-12 08:08:20
1093802,1020,11-12 08:08:21
1159816,255,11-12 08:08:22
1099711,0,11-12 08:08:23
1134130,0,11-12 08:08:24
1102550,0,11-12 08:08:25
1109381,0,11-12 08:08:26
1135806,510,11-12 08:08:27
1114193,0,11-12 08:08:28
1058427,255,11-12 08:08:29
1066977,494,11-12 08:08:30
1092841,0,11-12 08:08:31
1115247,0,11-12 08:08:32
1108199,0,11-12 08:08:33
1122622,0,11-12 08:08:34
1102630,0,11-12 08:08:35
1110917,510,11-12 08:08:36
1093467,1275,11-12 08:08:37
1002999,255,11-12 08:08:38
805096,0,11-12 08:08:39
1404591,0,11-12 08:08:40
1127898,42,11-12 08:08:41
1111115,0,11-12 08:08:42
1125558,0,11-12 08:08:43
1022523,0,11-12 08:08:44
1115729,0,11-12 08:08:45
1148101,0,11-12 08:08:46
1151667,0,11-12 08:08:47
1137044,95,11-12 08:08:48
1140411,0,11-12 08:08:49
1167492,0,11-12 08:08:50
1119410,0,11-12 08:08:51
1162909,0,11-12 08:08:52
1155231,42,11-12 08:08:53
1133100,0,11-12 08:08:54
1150902,0,11-12 08:08:55
1132501,0,11-12 08:08:56
1143504,0,11-12 08:08:57
1129112,95,11-12 08:08:58
1133104,0,11-12 08:08:59
1134827,0,11-12 08:09:00
1126046,0,11-12 08:09:01
1149042,0,11-12 08:09:02
1130060,42,11-12 08:09:03
1119662,0,11-12 08:09:04
1125774,0,11-12 08:09:05
1129768,0,11-12 08:09:06
1099817,0,11-12 08:09:07
1167445,95,11-12 08:09:08
1079119,1434,11-12 08:09:09
1132029,0,11-12 08:09:10
675601,510,11-12 08:09:11
1119573,0,11-12 08:09:12
1126538,0,11-12 08:09:13
1111749,0,11-12 08:09:14
1120554,0,11-12 08:09:15
1158944,0,11-12 08:09:16
1136684,0,11-12 08:09:17
1134399,0,11-12 08:09:18
1150991,749,11-12 08:09:19
1110359,510,11-12 08:09:20
1156526,0,11-12 08:09:21
1127656,255,11-12 08:09:22
1177980,255,11-12 08:09:23
1123015,0,11-12 08:09:24
1137953,42,11-12 08:09:25
1131842,765,11-12 08:09:26
1106578,42,11-12 08:09:27
1074222,510,11-12 08:09:28
1113446,749,11-12 08:09:29
1115446,0,11-12 08:09:30
1107186,0,11-12 08:09:31
1106293,0,11-12 08:09:32
1112458,0,11-12 08:09:33
1108639,0,11-12 08:09:34
1146268,510,11-12 08:09:35
1095408,1275,11-12 08:09:36
1019745,0,11-12 08:09:37
818186,255,11-12 08:09:38
1398222,0,11-12 08:09:39
1138377,0,11-12 08:09:40
1107679,0,11-12 08:09:41
1121298,0,11-12 08:09:42
1031052,0,11-12 08:09:43
1127753,0,11-12 08:09:44
1130140,0,11-12 08:09:45
1134063,0,11-12 08:09:46
1123946,95,11-12 08:09:47
1144134,0,11-12 08:09:48
1131927,0,11-12 08:09:49
1108413,0,11-12 08:09:50
1185498,0,11-12 08:09:51
1148743,42,11-12 08:09:52
1135987,0,11-12 08:09:53
1146393,0,11-12 08:09:54
1191728,0,11-12 08:09:55
1107223,0,11-12 08:09:56
1157792,95,11-12 08:09:57
1161549,42,11-12 08:09:58
1173538,0,11-12 08:09:59
1123261,0,11-12 08:10:00
1139747,0,11-12 08:10:01
1140809,0,11-12 08:10:02
1119239,0,11-12 08:10:03
1134679,0,11-12 08:10:04
1121421,0,11-12 08:10:05
1123077,0,11-12 08:10:06
1127721,95,11-12 08:10:07
1067449,1434,11-12 08:10:08
1151838,0,11-12 08:10:09
666718,510,11-12 08:10:10
1120544,0,11-12 08:10:11
1161486,0,11-12 08:10:12
1127166,0,11-12 08:10:13
1100763,0,11-12 08:10:14
1136248,0,11-12 08:10:15
1141862,42,11-12 08:10:16
1132024,0,11-12 08:10:17
1100618,749,11-12 08:10:18
1130276,0,11-12 08:10:19
1105507,0,11-12 08:10:20
1149678,765,11-12 08:10:21
1132820,0,11-12 08:10:22
1103927,0,11-12 08:10:23
1093854,255,11-12 08:10:24
1103096,255,11-12 08:10:25
1154458,0,11-12 08:10:26
1143342,0,11-12 08:10:27
1090373,247,11-12 08:10:28
1128091,0,11-12 08:10:29
1137062,0,11-12 08:10:30
1132959,42,11-12 08:10:31
1106430,0,11-12 08:10:32
1134378,0,11-12 08:10:33
1149342,510,11-12 08:10:34
1089801,1020,11-12 08:10:35
1015120,255,11-12 08:10:36
817809,255,11-12 08:10:37
1402850,0,11-12 08:10:38
1109148,42,11-12 08:10:39
1139407,0,11-12 08:10:40
1125427,0,11-12 08:10:41
1018097,0,11-12 08:10:42
1137723,0,11-12 08:10:43
1130140,0,11-12 08:10:44
1129673,0,11-12 08:10:45
1144024,95,11-12 08:10:46
1174770,0,11-12 08:10:47
1140037,0,11-12 08:10:48
1121508,0,11-12 08:10:49
1143921,0,11-12 08:10:50
1134103,0,11-12 08:10:51
1126731,0,11-12 08:10:52
1113953,0,11-12 08:10:53
1167442,0,11-12 08:10:54
1110988,0,11-12 08:10:55
1144415,95,11-12 08:10:56
1127415,0,11-12 08:10:57
1136644,0,11-12 08:10:58
1130244,0,11-12 08:10:59
1126503,0,11-12 08:11:00
1123331,0,11-12 08:11:01
1097670,0,11-12 08:11:02
1170705,0,11-12 08:11:03
1163637,0,11-12 08:11:04
1132429,0,11-12 08:11:05
1127169,95,11-12 08:11:06
1064256,1434,11-12 08:11:07
1122740,247,11-12 08:11:08
677818,42,11-12 08:11:09
1162566,0,11-12 08:11:10
1114824,0,11-12 08:11:11
1100283,0,11-12 08:11:12
1139940,0,11-12 08:11:13
1129455,0,11-12 08:11:14
1128636,0,11-12 08:11:15
1117819,0,11-12 08:11:16
1113012,749,11-12 08:11:17
1138054,510,11-12 08:11:18
1081676,0,11-12 08:11:19
1153124,765,11-12 08:11:20
1183977,0,11-12 08:11:21
1108366,42,11-12 08:11:22
1178789,0,11-12 08:11:23
1127645,510,11-12 08:11:24
1096941,0,11-12 08:11:25
1120285,0,11-12 08:11:26
1099552,494,11-12 08:11:27
1162938,247,11-12 08:11:28
1149445,0,11-12 08:11:29
1094983,0,11-12 08:11:30
1109452,0,11-12 08:11:31
1103654,0,11-12 08:11:32
1118406,0,11-12 08:11:33
1068671,1530,11-12 08:11:34
929372,255,11-12 08:11:35
767182,255,11-12 08:11:36
1316497,0,11-12 08:11:37
1114755,0,11-12 08:11:38
1064088,0,11-12 08:11:39
1128267,0,11-12 08:11:40
1021619,0,11-12 08:11:41
1112009,0,11-12 08:11:42
1151107,0,11-12 08:11:43
1131176,0,11-12 08:11:44
1134273,95,11-12 08:11:45
1126843,0,11-12 08:11:46
1154754,0,11-12 08:11:47
1143502,0,11-12 08:11:48
1138978,42,11-12 08:11:49
1179162,0,11-12 08:11:50
1152088,0,11-12 08:11:51
1176259,0,11-12 08:11:52
1174625,0,11-12 08:11:53
1167828,0,11-12 08:11:54
1163194,95,11-12 08:11:55
1172252,0,11-12 08:11:56
1115231,0,11-12 08:11:57
1126362,0,11-12 08:11:58
1139657,0,11-12 08:11:59
1144778,0,11-12 08:12:00
1174782,0,11-12 08:12:01
1141344,0,11-12 08:12:02
1157124,0,11-12 08:12:03
1180932,0,11-12 08:12:04
1123242,95,11-12 08:12:05
1086726,478,11-12 08:12:06
1099255,0,11-12 08:12:07
684012,510,11-12 08:12:08
1126443,0,11-12 08:12:09
1127400,42,11-12 08:12:10
1185477,0,11-12 08:12:11
1157336,0,11-12 08:12:12
1167398,0,11-12 08:12:13
1162178,0,11-12 08:12:14
1115859,749,11-12 08:12:15
1112463,0,11-12 08:12:16
1080343,510,11-12 08:12:17
1148818,1020,11-12 08:12:18
1107383,0,11-12 08:12:19
1139036,255,11-12 08:12:20
1109905,255,11-12 08:12:21
1118936,0,11-12 08:12:22
1118311,510,11-12 08:12:23
1115138,0,11-12 08:12:24
1097116,0,11-12 08:12:25
1059761,1004,11-12 08:12:26
1133699,0,11-12 08:12:27
1174598,42,11-12 08:12:28
1145539,0,11-12 08:12:29
1122384,0,11-12 08:12:30
1161495,0,11-12 08:12:31
1060725,1020,11-12 08:12:32
1114334,765,11-12 08:12:33
1021960,255,11-12 08:12:34
1061152,0,11-12 08:12:35
1198323,0,11-12 08:12:36
1135634,0,11-12 08:12:37
1165695,0,11-12 08:12:38
1012208,0,11-12 08:12:39
1112285,0,11-12 08:12:40
1098663,0,11-12 08:12:41
1120431,0,11-12 08:12:42
1175521,0,11-12 08:12:43
1114727,95,11-12 08:12:44
1150109,0,11-12 08:12:45
1118162,0,11-12 08:12:46
1130588,0,11-12 08:12:47
1226894,0,11-12 08:12:48
1128091,0,11-12 08:12:49
1132196,0,11-12 08:12:50
1141541,0,11-12 08:12:51
1127489,0,11-12 08:12:52
1192922,0,11-12 08:12:53
1145069,95,11-12 08:12:54
1140908,0,11-12 08:12:55
1130274,0,11-12 08:12:56
1144438,0,11-12 08:12:57
1120800,0,11-12 08:12:58
1140446,42,11-12 08:12:59
1134606,0,11-12 08:13:00
1141746,0,11-12 08:13:01
1116330,0,11-12 08:13:02
1140996,0,11-12 08:13:03
1114284,95,11-12 08:13:04
1101188,1434,11-12 08:13:05
1117394,247,11-12 08:13:06
703047,297,11-12 08:13:07
1124130,0,11-12 08:13:08
1141038,0,11-12 08:13:09
1113216,0,11-12 08:13:10
1143025,0,11-12 08:13:11
1181161,0,11-12 08:13:12
1142611,0,11-12 08:13:13
1124817,510,11-12 08:13:14
1169322,0,11-12 08:13:15
1159597,765,11-12 08:13:16
1103215,1020,11-12 08:13:17
1154323,0,11-12 08:13:18
1137626,255,11-12 08:13:19
1130466,255,11-12 08:13:20
1150220,255,11-12 08:13:21
1177910,0,11-12 08:13:22
1126962,510,11-12 08:13:23
1112249,510,11-12 08:13:24
1121151,0,11-12 08:13:25
1120019,0,11-12 08:13:26
1101662,0,11-12 08:13:27
1082454,0,11-12 08:13:28
1129392,0,11-12 08:13:29
1096349,0,11-12 08:13:30
1096992,1530,11-12 08:13:31
1067519,255,11-12 08:13:32
1029171,255,11-12 08:13:33
1177940,0,11-12 08:13:34
1111730,0,11-12 08:13:35
1164275,0,11-12 08:13:36
1143961,0,11-12 08:13:37
1055792,0,11-12 08:13:38
1166486,0,11-12 08:13:39
1115617,0,11-12 08:13:40
1119726,0,11-12 08:13:41
1118329,0,11-12 08:13:42
1158888,95,11-12 08:13:43
1142237,0,11-12 08:13:44
1160528,0,11-12 08:13:45
1163427,42,11-12 08:13:46
1119648,0,11-12 08:13:47
1136243,42,11-12 08:13:48
1125426,0,11-12 08:13:49
1116347,0,11-12 08:13:50
1153102,0,11-12 08:13:51
1161918,0,11-12 08:13:52
1127827,95,11-12 08:13:53
1156914,0,11-12 08:13:54
1117227,0,11-12 08:13:55
1180068,0,11-12 08:13:56
1152446,0,11-12 08:13:57
1116750,0,11-12 08:13:58
1212645,0,11-12 08:13:59
1186713,0,11-12 08:14:00
1132057,0,11-12 08:14:01
1143935,0,11-12 08:14:02
1066377,828,11-12 08:14:03
1103506,0,11-12 08:14:04
867232,0,11-12 08:14:05
938738,510,11-12 08:14:06
1161435,0,11-12 08:14:07
1096272,0,11-12 08:14:08
1146498,0,11-12 08:14:09
1146414,0,11-12 08:14:10
1162897,0,11-12 08:14:11
1150372,0,11-12 08:14:12
1166146,749,11-12 08:14:13
1156981,510,11-12 08:14:14
1183906,0,11-12 08:14:15
1164804,765,11-12 08:14:16
1219205,0,11-12 08:14:17
1169656,0,11-12 08:14:18
1079916,0,11-12 08:14:19
1098493,0,11-12 08:14:20
1116263,0,11-12 08:14:21
1107947,510,11-12 08:14:22
1069428,502,11-12 08:14:23
1133590,289,11-12 08:14:24
1126280,0,11-12 08:14:25
1099551,0,11-12 08:14:26
1112220,0,11-12 08:14:27
1162757,0,11-12 08:14:28
1232283,807,11-12 08:14:29
1088058,1020,11-12 08:14:30
986504,0,11-12 08:14:31
802005,255,11-12 08:14:32
1383743,0,11-12 08:14:33
1124708,0,11-12 08:14:34
1118694,0,11-12 08:14:35
1127095,0,11-12 08:14:36
1018772,0,11-12 08:14:37
1122649,0,11-12 08:14:38
1131643,0,11-12 08:14:39
1128170,0,11-12 08:14:40
1178715,95,11-12 08:14:41
1139841,0,11-12 08:14:42
1159620,0,11-12 08:14:43
1132624,0,11-12 08:14:44
1172403,0,11-12 08:14:45
1215635,0,11-12 08:14:46
1150347,0,11-12 08:14:47
1130173,0,11-12 08:14:48
1141797,0,11-12 08:14:49
1125660,0,11-12 08:14:50
1143607,95,11-12 08:14:51
1128417,0,11-12 08:14:52
1152466,0,11-12 08:14:53
1129241,0,11-12 08:14:54
1112121,0,11-12 08:14:55
1133294,0,11-12 08:14:56
1129760,0,11-12 08:14:57
1137127,0,11-12 08:14:58
1130439,0,11-12 08:14:59
1136894,0,11-12 08:15:00
1096695,95,11-12 08:15:01
1136792,478,11-12 08:15:02
1112998,42,11-12 08:15:03
693296,0,11-12 08:15:04
1119621,0,11-12 08:15:05
1140192,0,11-12 08:15:06
1142331,0,11-12 08:15:07
1114034,0,11-12 08:15:08
1187308,0,11-12 08:15:09
1163584,0,11-12 08:15:10
1122285,749,11-12 08:15:11
1107901,0,11-12 08:15:12
1091895,510,11-12 08:15:13
1128718,0,11-12 08:15:14
1115056,0,11-12 08:15:15
1152185,255,11-12 08:15:16
1122776,42,11-12 08:15:17
1215370,0,11-12 08:15:18
1177744,0,11-12 08:15:19
1121150,0,11-12 08:15:20
1064181,0,11-12 08:15:21
1064610,247,11-12 08:15:22
1110758,0,11-12 08:15:23
1113863,0,11-12 08:15:24
1160576,0,11-12 08:15:25
1128515,0,11-12 08:15:26
1137299,0,11-12 08:15:27
1075767,1530,11-12 08:15:28
1144384,255,11-12 08:15:29
1013373,255,11-12 08:15:30
733818,0,11-12 08:15:31
1396387,0,11-12 08:15:32
1132564,0,11-12 08:15:33
1140187,0,11-12 08:15:34
1094111,0,11-12 08:15:35
1060308,0,11-12 08:15:36
1206755,0,11-12 08:15:37
1172074,0,11-12 08:15:38
1132084,0,11-12 08:15:39
1133596,95,11-12 08:15:40
1106002,0,11-12 08:15:41
1205510,42,11-12 08:15:42
1108043,0,11-12 08:15:43
1165139,0,11-12 08:15:44
1175799,0,11-12 08:15:45
1146270,0,11-12 08:15:46
1173954,0,11-12 08:15:47
1161391,0,11-12 08:15:48
1129532,0,11-12 08:15:49
1196059,95,11-12 08:15:50
1099212,0,11-12 08:15:51
1190825,0,11-12 08:15:52
1206284,0,11-12 08:15:53
1116945,0,11-12 08:15:54
1129208,0,11-12 08:15:55
1127649,0,11-12 08:15:56
1148505,0,11-12 08:15:57
1118436,0,11-12 08:15:58
1168529,0,11-12 08:15:59
1127194,95,11-12 08:16:00
1181558,247,11-12 08:16:01
1071892,247,11-12 08:16:02
690514,510,11-12 08:16:03
1203870,0,11-12 08:16:04
1135221,42,11-12 08:16:05
1135473,0,11-12 08:16:06
1147545,0,11-12 08:16:07
1170928,0,11-12 08:16:08
1146246,0,11-12 08:16:09
1133576,239,11-12 08:16:10
1107622,0,11-12 08:16:11
1071919,765,11-12 08:16:12
1187948,510,11-12 08:16:13
1140967,0,11-12 08:16:14
1195149,510,11-12 08:16:15
1120569,255,11-12 08:16:16
1096620,255,11-12 08:16:17
1151612,0,11-12 08:16:18
1073400,1020,11-12 08:16:19
1089659,255,11-12 08:16:20
1170556,0,11-12 08:16:21
1106950,0,11-12 08:16:22
1105912,0,11-12 08:16:23
1148982,0,11-12 08:16:24
1090706,0,11-12 08:16:25
1182937,0,11-12 08:16:26
1139405,1530,11-12 08:16:27
1005230,255,11-12 08:16:28
955164,297,11-12 08:16:29
990094,0,11-12 08:16:30
1185479,0,11-12 08:16:31
1186270,0,11-12 08:16:32
1175091,0,11-12 08:16:33
1021775,0,11-12 08:16:34
1116917,0,11-12 08:16:35
1118147,0,11-12 08:16:36
1133848,0,11-12 08:16:37
1171022,0,11-12 08:16:38
1194215,95,11-12 08:16:39
1182192,0,11-12 08:16:40
1113058,0,11-12 08:16:41
1105469,0,11-12 08:16:42
1143621,0,11-12 08:16:43
1136201,0,11-12 08:16:44
1109325,0,11-12 08:16:45
1121451,0,11-12 08:16:46
1134626,0,11-12 08:16:47
1210570,0,11-12 08:16:48
1083436,95,11-12 08:16:49
1122860,0,11-12 08:16:50
1151577,0,11-12 08:16:51
1125957,0,11-12 08:16:52
1138244,0,11-12 08:16:53
1104633,42,11-12 08:16:54
1164438,0,11-12 08:16:55
1178112,0,11-12 08:16:56
1153703,0,11-12 08:16:57
1150980,0,11-12 08:16:58
1075124,1067,11-12 08:16:59
1090008,0,11-12 08:17:00
924958,0,11-12 08:17:01
995141,255,11-12 08:17:02
1114590,0,11-12 08:17:03
1146258,0,11-12 08:17:04
1168485,0,11-12 08:17:05
1161500,0,11-12 08:17:06
1198759,0,11-12 08:17:07
1191481,0,11-12 08:17:08
1106110,749,11-12 08:17:09
1106097,0,11-12 08:17:10
1095364,0,11-12 08:17:11
1145448,765,11-12 08:17:12
1191464,0,11-12 08:17:13
1112248,0,11-12 08:17:14
1193405,0,11-12 08:17:15
1142715,255,11-12 08:17:16
1123780,42,11-12 08:17:17
1137908,510,11-12 08:17:18
1106958,502,11-12 08:17:19
1160701,0,11-12 08:17:20
1104250,0,11-12 08:17:21
1126274,0,11-12 08:17:22
1116848,0,11-12 08:17:23
1177256,0,11-12 08:17:24
1147419,1530,11-12 08:17:25
1065865,255,11-12 08:17:26
1094358,255,11-12 08:17:27
701114,0,11-12 08:17:28
1402399,0,11-12 08:17:29
1142083,0,11-12 08:17:30
1112394,0,11-12 08:17:31
1083638,0,11-12 08:17:32
1084070,0,11-12 08:17:33
1121741,0,11-12 08:17:34
1162104,0,11-12 08:17:35
1124450,0,11-12 08:17:36
1121810,95,11-12 08:17:37
1138517,0,11-12 08:17:38
1154159,0,11-12 08:17:39
1196799,0,11-12 08:17:40
1213614,0,11-12 08:17:41
1147240,42,11-12 08:17:42
1114901,0,11-12 08:17:43
1135634,0,11-12 08:17:44
1147012,0,11-12 08:17:45
1124551,0,11-12 08:17:46
1198524,95,11-12 08:17:47
1179046,0,11-12 08:17:48
1206413,0,11-12 08:17:49
1163305,0,11-12 08:17:50
1103441,0,11-12 08:17:51
1127570,0,11-12 08:17:52
1135011,0,11-12 08:17:53
1152054,0,11-12 08:17:54
1189191,0,11-12 08:17:55
1153984,0,11-12 08:17:56
1154548,95,11-12 08:17:57
1207793,733,11-12 08:17:58
1121332,247,11-12 08:17:59
754571,510,11-12 08:18:00
1131627,0,11-12 08:18:01
1234863,0,11-12 08:18:02
1166982,0,11-12 08:18:03
1134445,42,11-12 08:18:04
1161186,0,11-12 08:18:05
1212234,0,11-12 08:18:06
1215961,749,11-12 08:18:07
1176664,765,11-12 08:18:08
1181888,0,11-12 08:18:09
1125196,0,11-12 08:18:10
1205678,765,11-12 08:18:11
1177514,255,11-12 08:18:12
1101605,0,11-12 08:18:13
1127523,255,11-12 08:18:14
1104755,0,11-12 08:18:15
1110593,510,11-12 08:18:16
1112993,494,11-12 08:18:17
1089911,0,11-12 08:18:18
1100809,0,11-12 08:18:19
1143262,0,11-12 08:18:20
1086907,0,11-12 08:18:21
1245333,0,11-12 08:18:22
1105314,1530,11-12 08:18:23
1050008,255,11-12 08:18:24
1036308,255,11-12 08:18:25
776102,0,11-12 08:18:26
1382360,0,11-12 08:18:27
1130541,0,11-12 08:18:28
1145422,0,11-12 08:18:29
1108835,42,11-12 08:18:30
1015814,0,11-12 08:18:31
1132143,0,11-12 08:18:32
1109649,0,11-12 08:18:33
1177024,0,11-12 08:18:34
1186214,95,11-12 08:18:35
1140809,0,11-12 08:18:36
1101823,0,11-12 08:18:37
1250986,0,11-12 08:18:38
1113341,0,11-12 08:18:39
1268685,0,11-12 08:18:40
1111538,0,11-12 08:18:41
1192836,0,11-12 08:18:42
1194914,0,11-12 08:18:43
1201620,0,11-12 08:18:44
1123536,95,11-12 08:18:45
1197748,0,11-12 08:18:46
1195691,0,11-12 08:18:47
1254305,0,11-12 08:18:48
1171716,0,11-12 08:18:49
1270505,0,11-12 08:18:50
1114494,42,11-12 08:18:51
1140285,0,11-12 08:18:52
1151553,0,11-12 08:18:53
1168624,0,11-12 08:18:54
1062614,334,11-12 08:18:55
1117607,247,11-12 08:18:56
926612,0,11-12 08:18:57
872930,510,11-12 08:18:58
1200477,0,11-12 08:18:59
1146393,0,11-12 08:19:00
1152915,0,11-12 08:19:01
1201825,0,11-12 08:19:02
1187428,0,11-12 08:19:03
1222555,0,11-12 08:19:04
1126667,749,11-12 08:19:05
1136895,0,11-12 08:19:06
1141857,0,11-12 08:19:07
1176169,255,11-12 08:19:08
1089268,1020,11-12 08:19:09
1207106,0,11-12 08:19:10
1206936,0,11-12 08:19:11
1228414,0,11-12 08:19:12
1169687,0,11-12 08:19:13
1219008,510,11-12 08:19:14
1168425,757,11-12 08:19:15
1147704,0,11-12 08:19:16
1155952,0,11-12 08:19:17
1194767,0,11-12 08:19:18
1172519,0,11-12 08:19:19
1138979,42,11-12 08:19:20
1083194,1530,11-12 08:19:21
1123265,255,11-12 08:19:22
976364,255,11-12 08:19:23
1057730,0,11-12 08:19:24
1124093,0,11-12 08:19:25
1127649,0,11-12 08:19:26
1124381,0,11-12 08:19:27
1037959,0,11-12 08:19:28
1278025,0,11-12 08:19:29
1117120,0,11-12 08:19:30
1218743,0,11-12 08:19:31
1174045,0,11-12 08:19:32
1194436,95,11-12 08:19:33
1192298,0,11-12 08:19:34
1177877,0,11-12 08:19:35
1132448,0,11-12 08:19:36
1162271,0,11-12 08:19:37
1156521,42,11-12 08:19:38
1155292,0,11-12 08:19:39
1163587,0,11-12 08:19:40
1138678,0,11-12 08:19:41
1204329,0,11-12 08:19:42
1155610,95,11-12 08:19:43
1247524,0,11-12 08:19:44
1197995,0,11-12 08:19:45
1220981,0,11-12 08:19:46
1217696,0,11-12 08:19:47
1169967,0,11-12 08:19:48
1251477,0,11-12 08:19:49
1139619,0,11-12 08:19:50
1219599,0,11-12 08:19:51
1191796,239,11-12 08:19:52
1149538,239,11-12 08:19:53
1003955,247,11-12 08:19:54
781414,510,11-12 08:19:55
1189920,0,11-12 08:19:56
1127547,0,11-12 08:19:57
1130676,0,11-12 08:19:58
1122374,0,11-12 08:19:59
1146390,0,11-12 08:20:00
1167747,0,11-12 08:20:01
1191138,749,11-12 08:20:02
1110566,255,11-12 08:20:03
1112793,765,11-12 08:20:04
1128903,510,11-12 08:20:05
1155013,255,11-12 08:20:06
1161356,0,11-12 08:20:07
1109635,0,11-12 08:20:08
1172348,297,11-12 08:20:09
1109711,0,11-12 08:20:10
1098071,0,11-12 08:20:11
1073815,0,11-12 08:20:12
1134230,247,11-12 08:20:13
1158734,0,11-12 08:20:14
1104065,0,11-12 08:20:15
1118033,0,11-12 08:20:16
1182265,0,11-12 08:20:17
1134771,0,11-12 08:20:18
1081217,1530,11-12 08:20:19
1001015,255,11-12 08:20:20
842256,255,11-12 08:20:21
1128992,0,11-12 08:20:22
1191282,0,11-12 08:20:23
1120720,0,11-12 08:20:24
1162931,42,11-12 08:20:25
1058968,0,11-12 08:20:26
1170140,0,11-12 08:20:27
1175951,0,11-12 08:20:28
1180641,0,11-12 08:20:29
1196504,95,11-12 08:20:30
1099939,0,11-12 08:20:31
1194947,0,11-12 08:20:32
1215183,0,11-12 08:20:33
1199977,0,11-12 08:20:34
1111633,0,11-12 08:20:35
1264081,0,11-12 08:20:36
1146393,0,11-12 08:20:37
1131046,0,11-12 08:20:38
1131745,0,11-12 08:20:39
1154038,95,11-12 08:20:40
1207209,0,11-12 08:20:41
1188118,0,11-12 08:20:42
1132078,0,11-12 08:20:43
1142241,0,11-12 08:20:44
1080590,0,11-12 08:20:45
1187076,0,11-12 08:20:46
1197072,0,11-12 08:20:47
1118739,0,11-12 08:20:48
1099344,0,11-12 08:20:49
1151671,95,11-12 08:20:50
1147670,239,11-12 08:20:51
1206184,0,11-12 08:20:52
698331,510,11-12 08:20:53
1173828,0,11-12 08:20:54
1177227,0,11-12 08:20:55
1165287,42,11-12 08:20:56
1169968,0,11-12 08:20:57
1171063,0,11-12 08:20:58
1159270,0,11-12 08:20:59
1202189,0,11-12 08:21:00
1139512,0,11-12 08:21:01
1144296,510,11-12 08:21:02
1124262,510,11-12 08:21:03
1150379,0,11-12 08:21:04
1133951,765,11-12 08:21:05
1112751,0,11-12 08:21:06
1122665,255,11-12 08:21:07
1112313,0,11-12 08:21:08
1069322,510,11-12 08:21:09
1112130,502,11-12 08:21:10
1121270,0,11-12 08:21:11
1113811,42,11-12 08:21:12
1240667,0,11-12 08:21:13
1128525,0,11-12 08:21:14
1106782,0,11-12 08:21:15
1105670,0,11-12 08:21:16
1136069,1530,11-12 08:21:17
1031706,255,11-12 08:21:18
933723,255,11-12 08:21:19
1122861,0,11-12 08:21:20
1135108,0,11-12 08:21:21
1231284,0,11-12 08:21:22
1137770,0,11-12 08:21:23
1044846,0,11-12 08:21:24
1127417,0,11-12 08:21:25
1265609,0,11-12 08:21:26
1241547,0,11-12 08:21:27
1146460,0,11-12 08:21:28
1255488,95,11-12 08:21:29
1189843,0,11-12 08:21:30
1263354,0,11-12 08:21:31
1180288,0,11-12 08:21:32
1278179,0,11-12 08:21:33
1197032,0,11-12 08:21:34
1191823,0,11-12 08:21:35
1222928,0,11-12 08:21:36
1138628,0,11-12 08:21:37
1213008,0,11-12 08:21:38
1144734,137,11-12 08:21:39
1166589,0,11-12 08:21:40
1183129,0,11-12 08:21:41
1149705,0,11-12 08:21:42
1124735,0,11-12 08:21:43
1204785,42,11-12 08:21:44
1132563,0,11-12 08:21:45
1203825,0,11-12 08:21:46
1161940,0,11-12 08:21:47
1170972,239,11-12 08:21:48
1147724,0,11-12 08:21:49
843329,510,11-12 08:21:50
1137234,0,11-12 08:21:51
1151618,0,11-12 08:21:52
1153392,0,11-12 08:21:53
1190830,0,11-12 08:21:54
1193669,0,11-12 08:21:55
1130753,0,11-12 08:21:56
1238126,0,11-12 08:21:57
1105247,0,11-12 08:21:58
1060281,765,11-12 08:21:59
1101073,0,11-12 08:22:00
1212461,0,11-12 08:22:01
1166186,255,11-12 08:22:02
1106497,0,11-12 08:22:03
1162097,0,11-12 08:22:04
1197596,42,11-12 08:22:05
1073031,0,11-12 08:22:06
1176168,510,11-12 08:22:07
1119595,749,11-12 08:22:08
1270914,0,11-12 08:22:09
1108122,0,11-12 08:22:10
1138779,0,11-12 08:22:11
1134354,0,11-12 08:22:12
1109899,0,11-12 08:22:13
1067739,1514,11-12 08:22:14
1046988,255,11-12 08:22:15
1065133,255,11-12 08:22:16
1087855,0,11-12 08:22:17
1119833,0,11-12 08:22:18
1106369,0,11-12 08:22:19
1138146,0,11-12 08:22:20
1107578,0,11-12 08:22:21
1085898,0,11-12 08:22:22
1325237,0,11-12 08:22:23
1285439,0,11-12 08:22:24
1186415,0,11-12 08:22:25
1166084,95,11-12 08:22:26
1130305,0,11-12 08:22:27
1148249,0,11-12 08:22:28
1180632,0,11-12 08:22:29
1144311,0,11-12 08:22:30
1105449,42,11-12 08:22:31
1179902,42,11-12 08:22:32
1095269,0,11-12 08:22:33
1254348,0,11-12 08:22:34
1207734,0,11-12 08:22:35
1153686,95,11-12 08:22:36
1138191,0,11-12 08:22:37
1191109,0,11-12 08:22:38
1130210,0,11-12 08:22:39
1213052,0,11-12 08:22:40
1142967,0,11-12 08:22:41
1162116,0,11-12 08:22:42
1117371,0,11-12 08:22:43
1103670,0,11-12 08:22:44
1224274,0,11-12 08:22:45
1117586,1450,11-12 08:22:46
1195998,0,11-12 08:22:47
747559,0,11-12 08:22:48
1094223,0,11-12 08:22:49
1164663,0,11-12 08:22:50
1174668,0,11-12 08:22:51
1215345,0,11-12 08:22:52
1149666,0,11-12 08:22:53
1170903,0,11-12 08:22:54
1172030,0,11-12 08:22:55
1128920,95,11-12 08:22:56
1168175,510,11-12 08:22:57
1103341,0,11-12 08:22:58
1227534,297,11-12 08:22:59
1055144,510,11-12 08:23:00
1263720,0,11-12 08:23:01
1190342,255,11-12 08:23:02
1142985,0,11-12 08:23:03
1241784,0,11-12 08:23:04
1055121,749,11-12 08:23:05
1184739,247,11-12 08:23:06
1069637,0,11-12 08:23:07
1221845,0,11-12 08:23:08
1148297,0,11-12 08:23:09
1259091,0,11-12 08:23:10
1156789,510,11-12 08:23:11
1011972,1275,11-12 08:23:12
1160425,255,11-12 08:23:13
848792,0,11-12 08:23:14
1360739,0,11-12 08:23:15
1210261,42,11-12 08:23:16
1173496,0,11-12 08:23:17
1102437,0,11-12 08:23:18
1104261,0,11-12 08:23:19
1184242,0,11-12 08:23:20
1145083,0,11-12 08:23:21
1124578,0,11-12 08:23:22
1172103,95,11-12 08:23:23
1163204,0,11-12 08:23:24
1191388,42,11-12 08:23:25
1213504,0,11-12 08:23:26
1216016,0,11-12 08:23:27
1332375,0,11-12 08:23:28
1221437,0,11-12 08:23:29
1304943,0,11-12 08:23:30
1285356,0,11-12 08:23:31
1136051,0,11-12 08:23:32
1125013,95,11-12 08:23:33
1125869,0,11-12 08:23:34
1195019,0,11-12 08:23:35
1241047,0,11-12 08:23:36
1225211,0,11-12 08:23:37
1174863,0,11-12 08:23:38
1299144,0,11-12 08:23:39
1194126,0,11-12 08:23:40
1282974,0,11-12 08:23:41
1158042,1450,11-12 08:23:42
1166282,0,11-12 08:23:43
720102,0,11-12 08:23:44
1175513,0,11-12 08:23:45
1194852,0,11-12 08:23:46
1155165,0,11-12 08:23:47
1101113,0,11-12 08:23:48
1302215,0,11-12 08:23:49
1204360,0,11-12 08:23:50
1249101,749,11-12 08:23:51
1246252,42,11-12 08:23:52
1135741,255,11-12 08:23:53
1090892,510,11-12 08:23:54
1175339,0,11-12 08:23:55
1250437,1020,11-12 08:23:56
1064419,255,11-12 08:23:57
1155229,0,11-12 08:23:58
1174711,0,11-12 08:23:59
1116379,0,11-12 08:24:00
1071985,1054,11-12 08:24:01
1003908,247,11-12 08:24:02
1106584,0,11-12 08:24:03
1144129,0,11-12 08:24:04
1215005,0,11-12 08:24:05
1290445,0,11-12 08:24:06
1191577,0,11-12 08:24:07
1159665,1530,11-12 08:24:08
1017002,255,11-12 08:24:09
722702,255,11-12 08:24:10
1168087,0,11-12 08:24:11
1177759,0,11-12 08:24:12
1164255,0,11-12 08:24:13
1301410,0,11-12 08:24:14
1106100,0,11-12 08:24:15
1245401,0,11-12 08:24:16
1250005,0,11-12 08:24:17
1252586,42,11-12 08:24:18
1194399,95,11-12 08:24:19
1185555,0,11-12 08:24:20
1119637,0,11-12 08:24:21
1100008,0,11-12 08:24:22
1289557,0,11-12 08:24:23
1189013,0,11-12 08:24:24
1294383,0,11-12 08:24:25
1190245,0,11-12 08:24:26
1229183,0,11-12 08:24:27
1242832,0,11-12 08:24:28
1162496,95,11-12 08:24:29
1220250,0,11-12 08:24:30
1212460,0,11-12 08:24:31
1285344,0,11-12 08:24:32
1319441,0,11-12 08:24:33
1216812,0,11-12 08:24:34
1228788,0,11-12 08:24:35
1118469,0,11-12 08:24:36
1119121,0,11-12 08:24:37
1155602,0,11-12 08:24:38
1072751,95,11-12 08:24:39
1096298,0,11-12 08:24:40
835245,510,11-12 08:24:41
1210017,0,11-12 08:24:42
1135314,0,11-12 08:24:43
1169889,0,11-12 08:24:44
1275585,42,11-12 08:24:45
1174238,42,11-12 08:24:46
1108271,0,11-12 08:24:47
1150443,749,11-12 08:24:48
1109265,255,11-12 08:24:49
1230549,255,11-12 08:24:50
1161866,0,11-12 08:24:51
1211311,765,11-12 08:24:52
1193974,0,11-12 08:24:53
1223459,0,11-12 08:24:54
1154328,0,11-12 08:24:55
1182918,0,11-12 08:24:56
1139655,510,11-12 08:24:57
1026189,749,11-12 08:24:58
1268674,0,11-12 08:24:59
1192041,0,11-12 08:25:00
1213143,0,11-12 08:25:01
1234223,0,11-12 08:25:02
1033170,0,11-12 08:25:03
1212484,510,11-12 08:25:04
983711,1275,11-12 08:25:05
1054739,255,11-12 08:25:06
799443,0,11-12 08:25:07
1025778,0,11-12 08:25:08
1206943,0,11-12 08:25:09
1314290,0,11-12 08:25:10
1139801,0,11-12 08:25:11
1117608,42,11-12 08:25:12
1160200,0,11-12 08:25:13
1199517,0,11-12 08:25:14
1253587,0,11-12 08:25:15
1256753,95,11-12 08:25:16
1253771,0,11-12 08:25:17
1129380,0,11-12 08:25:18
1376687,0,11-12 08:25:19
1204519,0,11-12 08:25:20
1195648,0,11-12 08:25:21
1107642,0,11-12 08:25:22
1147575,0,11-12 08:25:23
1134017,0,11-12 08:25:24
1239896,0,11-12 08:25:25
1262318,95,11-12 08:25:26
1184653,0,11-12 08:25:27
1140912,0,11-12 08:25:28
1139226,0,11-12 08:25:29
1189514,0,11-12 08:25:30
1135653,42,11-12 08:25:31
1315506,0,11-12 08:25:32
1141135,0,11-12 08:25:33
1233223,0,11-12 08:25:34
1218929,239,11-12 08:25:35
1161396,0,11-12 08:25:36
789852,0,11-12 08:25:37
1155582,42,11-12 08:25:38
1177056,0,11-12 08:25:39
1127454,0,11-12 08:25:40
1213197,0,11-12 08:25:41
1193844,0,11-12 08:25:42
1239093,0,11-12 08:25:43
1181505,0,11-12 08:25:44
1174379,95,11-12 08:25:45
1118636,510,11-12 08:25:46
1128789,510,11-12 08:25:47
1255756,0,11-12 08:25:48
1133722,0,11-12 08:25:49
1174830,255,11-12 08:25:50
1144871,510,11-12 08:25:51
1110122,0,11-12 08:25:52
1095021,1020,11-12 08:25:53
1054035,0,11-12 08:25:54
1256271,247,11-12 08:25:55
1270918,0,11-12 08:25:56
1176333,0,11-12 08:25:57
1134532,0,11-12 08:25:58
1205322,0,11-12 08:25:59
1301516,765,11-12 08:26:00
1227812,1020,11-12 08:26:01
1146340,255,11-12 08:26:02
797546,0,11-12 08:26:03
1315246,0,11-12 08:26:04
1198188,42,11-12 08:26:05
1173043,0,11-12 08:26:06
1068363,0,11-12 08:26:07
1255804,0,11-12 08:26:08
1141325,0,11-12 08:26:09
1140098,0,11-12 08:26:10
1113541,0,11-12 08:26:11
1133691,95,11-12 08:26:12
1193665,0,11-12 08:26:13
1115945,0,11-12 08:26:14
1299783,0,11-12 08:26:15
1152207,0,11-12 08:26:16
1129755,42,11-12 08:26:17
1173253,0,11-12 08:26:18
1243165,0,11-12 08:26:19
1221569,0,11-12 08:26:20
1278108,0,11-12 08:26:21
1215777,95,11-12 08:26:22
1198269,0,11-12 08:26:23
1255716,0,11-12 08:26:24
1257974,0,11-12 08:26:25
1278473,0,11-12 08:26:26
1204542,42,11-12 08:26:27
1139814,0,11-12 08:26:28
1128801,0,11-12 08:26:29
1251418,0,11-12 08:26:30
1050209,0,11-12 08:26:31
1159669,239,11-12 08:26:32
1023890,247,11-12 08:26:33
800723,0,11-12 08:26:34
1172307,0,11-12 08:26:35
1161963,0,11-12 08:26:36
1080015,0,11-12 08:26:37
1195853,0,11-12 08:26:38
1262520,0,11-12 08:26:39
1174966,0,11-12 08:26:40
1226558,0,11-12 08:26:41
1093606,95,11-12 08:26:42
1093587,0,11-12 08:26:43
1263586,255,11-12 08:26:44
1223748,510,11-12 08:26:45
1108544,0,11-12 08:26:46
1179222,0,11-12 08:26:47
1263643,255,11-12 08:26:48
1163058,0,11-12 08:26:49
1204829,1062,11-12 08:26:50
1114989,502,11-12 08:26:51
1153046,0,11-12 08:26:52
1137787,0,11-12 08:26:53
1133348,0,11-12 08:26:54
1135370,42,11-12 08:26:55
1113553,0,11-12 08:26:56
996561,1259,11-12 08:26:57
1303123,510,11-12 08:26:58
962954,255,11-12 08:26:59
867361,0,11-12 08:27:00
1225089,0,11-12 08:27:01
1152618,0,11-12 08:27:02
1154460,0,11-12 08:27:03
996677,0,11-12 08:27:04
1291921,0,11-12 08:27:05
1149034,0,11-12 08:27:06
1274799,0,11-12 08:27:07
1243611,0,11-12 08:27:08
1282830,95,11-12 08:27:09
1236167,0,11-12 08:27:10
1236388,0,11-12 08:27:11
1268218,42,11-12 08:27:12
1228730,0,11-12 08:27:13
1178353,0,11-12 08:27:14
1200695,0,11-12 08:27:15
1288791,0,11-12 08:27:16
1236023,0,11-12 08:27:17
1235694,0,11-12 08:27:18
1173255,95,11-12 08:27:19
1288464,0,11-12 08:27:20
1112571,0,11-12 08:27:21
1356305,0,11-12 08:27:22
1109946,0,11-12 08:27:23
1220517,0,11-12 08:27:24
1287138,0,11-12 08:27:25
1259741,0,11-12 08:27:26
1152579,0,11-12 08:27:27
1076914,1442,11-12 08:27:28
1013332,247,11-12 08:27:29
888582,255,11-12 08:27:30
1078806,0,11-12 08:27:31
1196730,0,11-12 08:27:32
1251597,42,11-12 08:27:33
1101610,0,11-12 08:27:34
1355887,42,11-12 08:27:35
1213412,0,11-12 08:27:36
1169419,0,11-12 08:27:37
1219372,0,11-12 08:27:38
1276815,0,11-12 08:27:39
1227039,255,11-12 08:27:40
1308368,0,11-12 08:27:41
1135244,255,11-12 08:27:42
1107521,0,11-12 08:27:43
1335568,255,11-12 08:27:44
1048062,0,11-12 08:27:45
1265383,0,11-12 08:27:46
1064452,749,11-12 08:27:47
1121915,0,11-12 08:27:48
1123784,0,11-12 08:27:49
1116339,0,11-12 08:27:50
1047350,0,11-12 08:27:51
1257186,0,11-12 08:27:52
1125197,765,11-12 08:27:53
1178877,1020,11-12 08:27:54
1061590,255,11-12 08:27:55
976585,0,11-12 08:27:56
1186625,0,11-12 08:27:57
1227293,42,11-12 08:27:58
1321982,0,11-12 08:27:59
984563,0,11-12 08:28:00
1159143,0,11-12 08:28:01
1290772,0,11-12 08:28:02
1212470,0,11-12 08:28:03
1163350,0,11-12 08:28:04
1360085,95,11-12 08:28:05
1178370,0,11-12 08:28:06
1226599,0,11-12 08:28:07
1255733,0,11-12 08:28:08
1128091,0,11-12 08:28:09
1130259,42,11-12 08:28:10
1172240,0,11-12 08:28:11
1189818,0,11-12 08:28:12
1131188,0,11-12 08:28:13
1090373,0,11-12 08:28:14
1189626,95,11-12 08:28:15
1096008,0,11-12 08:28:16
1173160,0,11-12 08:28:17
1160937,0,11-12 08:28:18
1110902,0,11-12 08:28:19
1229418,42,11-12 08:28:20
1176627,0,11-12 08:28:21
1140993,0,11-12 08:28:22
1207966,0,11-12 08:28:23
1271352,1434,11-12 08:28:24
1136649,247,11-12 08:28:25
805669,255,11-12 08:28:26
1235222,0,11-12 08:28:27
1213245,0,11-12 08:28:28
1230972,0,11-12 08:28:29
1214634,0,11-12 08:28:30
1177345,0,11-12 08:28:31
1170440,0,11-12 08:28:32
1176498,749,11-12 08:28:33
1183995,0,11-12 08:28:34
1098041,0,11-12 08:28:35
1229802,255,11-12 08:28:36
1179691,0,11-12 08:28:37
1356856,255,11-12 08:28:38
1135160,0,11-12 08:28:39
1178461,510,11-12 08:28:40
1190395,0,11-12 08:28:41
1216555,0,11-12 08:28:42
1168776,807,11-12 08:28:43
1254196,0,11-12 08:28:44
1209958,0,11-12 08:28:45
1225327,0,11-12 08:28:46
1123887,0,11-12 08:28:47
1313910,42,11-12 08:28:48
1210692,765,11-12 08:28:49
1080870,765,11-12 08:28:50
1010518,510,11-12 08:28:51
960585,0,11-12 08:28:52
1119621,0,11-12 08:28:53
1158581,0,11-12 08:28:54
1218087,0,11-12 08:28:55
1098938,0,11-12 08:28:56
1111489,0,11-12 08:28:57
1260816,0,11-12 08:28:58
1159324,0,11-12 08:28:59
1273765,0,11-12 08:29:00
1171382,95,11-12 08:29:01
1349425,0,11-12 08:29:02
1124633,0,11-12 08:29:03
1194873,0,11-12 08:29:04
1163103,42,11-12 08:29:05
1252013,0,11-12 08:29:06
1222927,0,11-12 08:29:07
1171430,0,11-12 08:29:08
1127317,0,11-12 08:29:09
1186540,0,11-12 08:29:10
1230924,95,11-12 08:29:11
1222899,0,11-12 08:29:12
1245721,0,11-12 08:29:13
1338827,0,11-12 08:29:14
1226918,0,11-12 08:29:15
1203022,0,11-12 08:29:16
1144785,0,11-12 08:29:17
1178725,0,11-12 08:29:18
1112725,0,11-12 08:29:19
1113800,956,11-12 08:29:20
1186713,247,11-12 08:29:21
701755,510,11-12 08:29:22
1261601,0,11-12 08:29:23
1244925,0,11-12 08:29:24
1185189,0,11-12 08:29:25
1115060,42,11-12 08:29:26
1323157,0,11-12 08:29:27
1183818,42,11-12 08:29:28
1232330,0,11-12 08:29:29
1195478,0,11-12 08:29:30
1129410,0,11-12 08:29:31
1314725,350,11-12 08:29:32
1229350,255,11-12 08:29:33
1233262,0,11-12 08:29:34
1257733,0,11-12 08:29:35
1145821,0,11-12 08:29:36
1229693,0,11-12 08:29:37
1264944,0,11-12 08:29:38
1057998,749,11-12 08:29:39
1133745,0,11-12 08:29:40
1206612,0,11-12 08:29:41
1292397,0,11-12 08:29:42
1089152,0,11-12 08:29:43
1263718,0,11-12 08:29:44
1160414,1530,11-12 08:29:45
1184574,255,11-12 08:29:46
802065,0,11-12 08:29:47
1355908,0,11-12 08:29:48
1218127,0,11-12 08:29:49
1197131,42,11-12 08:29:50
1260264,0,11-12 08:29:51
1104089,0,11-12 08:29:52
1241368,0,11-12 08:29:53
1250481,0,11-12 08:29:54
1161399,0,11-12 08:29:55
1187673,95,11-12 08:29:56
1292682,0,11-12 08:29:57
1183355,0,11-12 08:29:58
1243965,0,11-12 08:29:59
1173963,0,11-12 08:30:00
1176275,0,11-12 08:30:01
1242166,0,11-12 08:30:02
1207658,0,11-12 08:30:03
1265530,0,11-12 08:30:04
1154774,0,11-12 08:30:05
1362723,95,11-12 08:30:06
1205429,0,11-12 08:30:07
1265495,0,11-12 08:30:08
1253875,0,11-12 08:30:09
1133852,0,11-12 08:30:10
1170936,42,11-12 08:30:11
1186896,0,11-12 08:30:12
1200579,42,11-12 08:30:13
1223870,0,11-12 08:30:14
1167527,478,11-12 08:30:15
1263211,0,11-12 08:30:16
798708,510,11-12 08:30:17
1175799,0,11-12 08:30:18
1183235,0,11-12 08:30:19
1258818,0,11-12 08:30:20
1189400,0,11-12 08:30:21
1218342,0,11-12 08:30:22
1265293,0,11-12 08:30:23
1089389,0,11-12 08:30:24
1225168,0,11-12 08:30:25
1167112,255,11-12 08:30:26
1274832,0,11-12 08:30:27
1023539,0,11-12 08:30:28
1282517,765,11-12 08:30:29
1269348,0,11-12 08:30:30
1167821,0,11-12 08:30:31
1206797,0,11-12 08:30:32
1264653,0,11-12 08:30:33
1161458,247,11-12 08:30:34
1124707,42,11-12 08:30:35
1192658,0,11-12 08:30:36
1213980,0,11-12 08:30:37
1232361,0,11-12 08:30:38
1236377,0,11-12 08:30:39
1086285,1530,11-12 08:30:40
1143331,255,11-12 08:30:41
1080700,255,11-12 08:30:42
826376,0,11-12 08:30:43
1208344,0,11-12 08:30:44
1165914,0,11-12 08:30:45
1077287,0,11-12 08:30:46
1074367,0,11-12 08:30:47
1164466,0,11-12 08:30:48
1145110,0,11-12 08:30:49
1259650,0,11-12 08:30:50
1159429,0,11-12 08:30:51
1195957,95,11-12 08:30:52
1126493,0,11-12 08:30:53
1298235,0,11-12 08:30:54
1234709,0,11-12 08:30:55
1226725,0,11-12 08:30:56
1241798,42,11-12 08:30:57
1226226,42,11-12 08:30:58
1144235,0,11-12 08:30:59
1210599,0,11-12 08:31:00
1290936,0,11-12 08:31:01
1103854,95,11-12 08:31:02
1343986,0,11-12 08:31:03
1168928,0,11-12 08:31:04
1195605,0,11-12 08:31:05
1250069,0,11-12 08:31:06
1199064,0,11-12 08:31:07
1246674,0,11-12 08:31:08
1161013,0,11-12 08:31:09
1218716,0,11-12 08:31:10
1222416,247,11-12 08:31:11
1145582,0,11-12 08:31:12
665403,510,11-12 08:31:13
1130034,0,11-12 08:31:14
1316793,0,11-12 08:31:15
1114890,0,11-12 08:31:16
1119083,0,11-12 08:31:17
1223264,0,11-12 08:31:18
1209385,0,11-12 08:31:19
1137200,0,11-12 08:31:20
1200169,0,11-12 08:31:21
1200692,0,11-12 08:31:22
1201881,95,11-12 08:31:23
1279590,0,11-12 08:31:24
1240172,255,11-12 08:31:25
1230684,0,11-12 08:31:26
1142974,255,11-12 08:31:27
1181371,42,11-12 08:31:28
1085587,510,11-12 08:31:29
1106119,247,11-12 08:31:30
1291405,0,11-12 08:31:31
1191022,0,11-12 08:31:32
1151910,0,11-12 08:31:33
1190309,42,11-12 08:31:34
1213202,0,11-12 08:31:35
1174482,0,11-12 08:31:36
1144969,1530,11-12 08:31:37
1158257,255,11-12 08:31:38
873949,0,11-12 08:31:39
1151190,0,11-12 08:31:40
1267845,0,11-12 08:31:41
1130222,0,11-12 08:31:42
955767,0,11-12 08:31:43
1289339,0,11-12 08:31:44
1186384,0,11-12 08:31:45
1079057,0,11-12 08:31:46
1303268,95,11-12 08:31:47
1132742,0,11-12 08:31:48
1124276,0,11-12 08:31:49
1077850,0,11-12 08:31:50
1223593,0,11-12 08:31:51
1195049,0,11-12 08:31:52
1220620,0,11-12 08:31:53
1331570,0,11-12 08:31:54
1141117,0,11-12 08:31:55
1326641,0,11-12 08:31:56
1241389,95,11-12 08:31:57
1224180,0,11-12 08:31:58
1238167,42,11-12 08:31:59
1248062,0,11-12 08:32:00
1228659,0,11-12 08:32:01
1126349,0,11-12 08:32:02
1247547,0,11-12 08:32:03
1261011,0,11-12 08:32:04
1208161,0,11-12 08:32:05
1172860,0,11-12 08:32:06
1159351,828,11-12 08:32:07
1140056,247,11-12 08:32:08
675815,0,11-12 08:32:09
1231147,510,11-12 08:32:10
1231025,0,11-12 08:32:11
1079418,42,11-12 08:32:12
1360570,0,11-12 08:32:13
1211814,0,11-12 08:32:14
1177008,0,11-12 08:32:15
1212154,0,11-12 08:32:16
1189618,0,11-12 08:32:17
1238847,510,11-12 08:32:18
1283147,255,11-12 08:32:19
1181844,0,11-12 08:32:20
1225013,510,11-12 08:32:21
1306103,0,11-12 08:32:22
1249886,0,11-12 08:32:23
1159618,0,11-12 08:32:24
1200658,510,11-12 08:32:25
1158218,757,11-12 08:32:26
1199877,0,11-12 08:32:27
1207778,0,11-12 08:32:28
1145947,0,11-12 08:32:29
1287277,42,11-12 08:32:30
1166543,0,11-12 08:32:31
1179926,1530,11-12 08:32:32
1101601,255,11-12 08:32:33
824889,255,11-12 08:32:34
1371534,0,11-12 08:32:35
1148242,0,11-12 08:32:36
1319880,0,11-12 08:32:37
1164126,0,11-12 08:32:38
1184081,0,11-12 08:32:39
1130690,0,11-12 08:32:40
1277698,0,11-12 08:32:41
1100239,0,11-12 08:32:42
1149697,95,11-12 08:32:43
1113874,0,11-12 08:32:44
1219709,0,11-12 08:32:45
1220706,0,11-12 08:32:46
1236150,0,11-12 08:32:47
1081767,0,11-12 08:32:48
1270767,0,11-12 08:32:49
1182016,0,11-12 08:32:50
1182484,0,11-12 08:32:51
1300560,0,11-12 08:32:52
1188871,95,11-12 08:32:53
1240917,0,11-12 08:32:54
1114711,0,11-12 08:32:55
1186335,0,11-12 08:32:56
1189427,0,11-12 08:32:57
1253889,42,11-12 08:32:58
1213470,0,11-12 08:32:59
1230042,0,11-12 08:33:00
1223086,42,11-12 08:33:01
1180007,0,11-12 08:33:02
1214207,239,11-12 08:33:03
1109044,0,11-12 08:33:04
708397,510,11-12 08:33:05
1277868,0,11-12 08:33:06
1188864,0,11-12 08:33:07
1154553,0,11-12 08:33:08
1301985,0,11-12 08:33:09
1077714,0,11-12 08:33:10
1252135,0,11-12 08:33:11
1207631,0,11-12 08:33:12
1346750,0,11-12 08:33:13
1149695,255,11-12 08:33:14
1262278,0,11-12 08:33:15
1314831,255,11-12 08:33:16
1174043,0,11-12 08:33:17
1136621,255,11-12 08:33:18
1245220,0,11-12 08:33:19
1241464,255,11-12 08:33:20
1145149,1259,11-12 08:33:21
1143983,0,11-12 08:33:22
1181845,0,11-12 08:33:23
1244136,0,11-12 08:33:24
1246229,0,11-12 08:33:25
1272266,0,11-12 08:33:26
1135324,1020,11-12 08:33:27
1137767,765,11-12 08:33:28
1153091,255,11-12 08:33:29
729683,0,11-12 08:33:30
1346895,42,11-12 08:33:31
1201390,0,11-12 08:33:32
1238115,42,11-12 08:33:33
1109883,0,11-12 08:33:34
1242610,0,11-12 08:33:35
1140736,0,11-12 08:33:36
1258460,0,11-12 08:33:37
1210789,0,11-12 08:33:38
1212007,95,11-12 08:33:39
1317223,0,11-12 08:33:40
1201299,0,11-12 08:33:41
1190007,0,11-12 08:33:42
1263938,0,11-12 08:33:43
1195600,0,11-12 08:33:44
1345084,0,11-12 08:33:45
1194208,0,11-12 08:33:46
1212459,0,11-12 08:33:47
1213723,0,11-12 08:33:48
1199680,95,11-12 08:33:49
1250731,0,11-12 08:33:50
1344735,0,11-12 08:33:51
1232168,0,11-12 08:33:52
1231590,0,11-12 08:33:53
1181556,0,11-12 08:33:54
1210062,0,11-12 08:33:55
1175517,0,11-12 08:33:56
1184545,0,11-12 08:33:57
1291281,956,11-12 08:33:58
1146505,0,11-12 08:33:59
699671,0,11-12 08:34:00
1281144,0,11-12 08:34:01
1171563,42,11-12 08:34:02
1242501,0,11-12 08:34:03
1187742,0,11-12 08:34:04
1297285,0,11-12 08:34:05
1176767,0,11-12 08:34:06
1184798,749,11-12 08:34:07
1199988,0,11-12 08:34:08
1143864,255,11-12 08:34:09
1100608,0,11-12 08:34:10
1284333,0,11-12 08:34:11
1101051,42,11-12 08:34:12
1212972,0,11-12 08:34:13
1178267,255,11-12 08:34:14
1122987,0,11-12 08:34:15
1215560,510,11-12 08:34:16
996661,749,11-12 08:34:17
1334708,0,11-12 08:34:18
1167095,0,11-12 08:34:19
1220699,0,11-12 08:34:20
1183683,0,11-12 08:34:21
1158234,0,11-12 08:34:22
1250500,1514,11-12 08:34:23
1104680,255,11-12 08:34:24
806038,255,11-12 08:34:25
1299796,0,11-12 08:34:26
1128184,0,11-12 08:34:27
1210744,0,11-12 08:34:28
1102721,0,11-12 08:34:29
1023485,0,11-12 08:34:30
1223094,0,11-12 08:34:31
1244901,0,11-12 08:34:32
1265205,42,11-12 08:34:33
1200768,0,11-12 08:34:34
1288054,95,11-12 08:34:35
1107954,0,11-12 08:34:36
1271420,0,11-12 08:34:37
1225510,0,11-12 08:34:38
1152183,0,11-12 08:34:39
1174756,0,11-12 08:34:40
1047553,0,11-12 08:34:41
1225452,0,11-12 08:34:42
1242905,0,11-12 08:34:43
1301117,0,11-12 08:34:44
1231995,95,11-12 08:34:45
1251365,0,11-12 08:34:46
1079311,0,11-12 08:34:47
1138631,0,11-12 08:34:48
1186788,0,11-12 08:34:49
1210776,42,11-12 08:34:50
1201233,0,11-12 08:34:51
1138596,0,11-12 08:34:52
1148324,0,11-12 08:34:53
1187284,717,11-12 08:34:54
1269981,0,11-12 08:34:55
692152,510,11-12 08:34:56
1184754,0,11-12 08:34:57
1225575,0,11-12 08:34:58
1272138,0,11-12 08:34:59
1311072,0,11-12 08:35:00
1267635,0,11-12 08:35:01
1187938,0,11-12 08:35:02
1357129,749,11-12 08:35:03
1182071,42,11-12 08:35:04
1320460,255,11-12 08:35:05
1267138,0,11-12 08:35:06
1250942,255,11-12 08:35:07
1222617,255,11-12 08:35:08
1262232,765,11-12 08:35:09
1218353,0,11-12 08:35:10
1323443,0,11-12 08:35:11
1152057,247,11-12 08:35:12
1147539,0,11-12 08:35:13
1290472,0,11-12 08:35:14
1163760,0,11-12 08:35:15
1092768,0,11-12 08:35:16
1255950,0,11-12 08:35:17
1041290,1514,11-12 08:35:18
1035646,255,11-12 08:35:19
1054982,255,11-12 08:35:20
953009,0,11-12 08:35:21
1167784,0,11-12 08:35:22
1053223,0,11-12 08:35:23
1360698,0,11-12 08:35:24
1063811,0,11-12 08:35:25
1152924,0,11-12 08:35:26
1290267,0,11-12 08:35:27
1197419,0,11-12 08:35:28
1317753,0,11-12 08:35:29
1241009,95,11-12 08:35:30
1199218,0,11-12 08:35:31
1137014,0,11-12 08:35:32
1112076,0,11-12 08:35:33
1123148,42,11-12 08:35:34
1330462,42,11-12 08:35:35
1287093,0,11-12 08:35:36
1208048,0,11-12 08:35:37
1253389,0,11-12 08:35:38
1242648,0,11-12 08:35:39
1148553,95,11-12 08:35:40
1215807,0,11-12 08:35:41
1175273,0,11-12 08:35:42
1198985,0,11-12 08:35:43
1216964,0,11-12 08:35:44
1215670,0,11-12 08:35:45
1178280,0,11-12 08:35:46
1225522,0,11-12 08:35:47
1286218,0,11-12 08:35:48
1058162,956,11-12 08:35:49
1214814,0,11-12 08:35:50
865632,255,11-12 08:35:51
1132338,0,11-12 08:35:52
1193589,0,11-12 08:35:53
1205943,0,11-12 08:35:54
1092695,0,11-12 08:35:55
1295216,0,11-12 08:35:56
1260699,0,11-12 08:35:57
1106808,749,11-12 08:35:58
1215246,0,11-12 08:35:59
1113856,0,11-12 08:36:00
1171042,0,11-12 08:36:01
1135012,255,11-12 08:36:02
1372789,0,11-12 08:36:03
1148173,0,11-12 08:36:04
1307094,42,11-12 08:36:05
1205241,0,11-12 08:36:06
1097116,0,11-12 08:36:07
1090416,255,11-12 08:36:08
1235352,0,11-12 08:36:09
1204990,0,11-12 08:36:10
1182515,0,11-12 08:36:11
1287505,0,11-12 08:36:12
1181896,42,11-12 08:36:13
993646,1530,11-12 08:36:14
1177373,255,11-12 08:36:15
970390,255,11-12 08:36:16
1056227,0,11-12 08:36:17
1308058,0,11-12 08:36:18
1192898,0,11-12 08:36:19
1296441,0,11-12 08:36:20
1063987,0,11-12 08:36:21
1207425,0,11-12 08:36:22
1315436,0,11-12 08:36:23
1201116,0,11-12 08:36:24
1242464,0,11-12 08:36:25
1349765,95,11-12 08:36:26
1151391,0,11-12 08:36:27
1182016,0,11-12 08:36:28
1137490,0,11-12 08:36:29
1102139,0,11-12 08:36:30
1258267,0,11-12 08:36:31
1219007,42,11-12 08:36:32
1238027,0,11-12 08:36:33
1264676,0,11-12 08:36:34
1231787,0,11-12 08:36:35
1077845,95,11-12 08:36:36
1183244,0,11-12 08:36:37
1146870,0,11-12 08:36:38
1300865,0,11-12 08:36:39
1087172,0,11-12 08:36:40
1168021,42,11-12 08:36:41
1109127,0,11-12 08:36:42
1213024,0,11-12 08:36:43
